i,Freq,Ampl,Phase
1,1009.,3.593856e-008,179.5193
2,1018.,3.604851e-008,179.5124
3,1027.,3.616056e-008,179.5054
4,1036.,3.627475e-008,179.4983
5,1045.,3.639113e-008,179.491
6,1054.,3.650975e-008,179.4837
7,1063.,3.663067e-008,179.4762
8,1072.,3.675396e-008,179.4685
9,1081.,3.687966e-008,179.4608
10,1090.,3.700785e-008,179.4529
11,1099.,3.713858e-008,179.4449
12,1108.,3.727192e-008,179.4367
13,1117.,3.740795e-008,179.4284
14,1126.,3.754673e-008,179.4199
15,1135.,3.768835e-008,179.4112
16,1144.,3.783288e-008,179.4024
17,1153.,3.79804e-008,179.3934
18,1162.,3.8131e-008,179.3842
19,1171.,3.828477e-008,179.3749
20,1180.,3.844181e-008,179.3653
21,1189.,3.86022e-008,179.3555
22,1198.,3.876606e-008,179.3456
23,1207.,3.893348e-008,179.3354
24,1216.,3.910459e-008,179.3249
25,1225.,3.927949e-008,179.3143
26,1234.,3.94583e-008,179.3033
27,1243.,3.964117e-008,179.2922
28,1252.,3.982821e-008,179.2807
29,1261.,4.001957e-008,179.269
30,1270.,4.021539e-008,179.257
31,1279.,4.041583e-008,179.2447
32,1288.,4.062105e-008,179.232
33,1297.,4.083122e-008,179.2191
34,1306.,4.104652e-008,179.2058
35,1315.,4.126714e-008,179.1921
36,1324.,4.149326e-008,179.178
37,1333.,4.172511e-008,179.1636
38,1342.,4.196289e-008,179.1487
39,1351.,4.220685e-008,179.1334
40,1360.,4.245722e-008,179.1177
41,1369.,4.271426e-008,179.1014
42,1378.,4.297824e-008,179.0847
43,1387.,4.324946e-008,179.0674
44,1396.,4.352821e-008,179.0496
45,1405.,4.381483e-008,179.0312
46,1414.,4.410964e-008,179.0122
47,1423.,4.441302e-008,178.9925
48,1432.,4.472536e-008,178.9722
49,1441.,4.504707e-008,178.9512
50,1450.,4.537857e-008,178.9294
51,1459.,4.572035e-008,178.9068
52,1468.,4.607289e-008,178.8833
53,1477.,4.643673e-008,178.859
54,1486.,4.681244e-008,178.8337
55,1495.,4.720062e-008,178.8074
56,1504.,4.760193e-008,178.78
57,1513.,4.801708e-008,178.7516
58,1522.,4.84468e-008,178.7219
59,1531.,4.889191e-008,178.6909
60,1540.,4.935329e-008,178.6586
61,1549.,4.983186e-008,178.6248
62,1558.,5.032865e-008,178.5895
63,1567.,5.084476e-008,178.5525
64,1576.,5.138138e-008,178.5137
65,1585.,5.193981e-008,178.4731
66,1594.,5.252144e-008,178.4303
67,1603.,5.312781e-008,178.3854
68,1612.,5.376061e-008,178.3382
69,1621.,5.442165e-008,178.2883
70,1630.,5.511294e-008,178.2358
71,1639.,5.58367e-008,178.1802
72,1648.,5.659534e-008,178.1214
73,1657.,5.739155e-008,178.0591
74,1666.,5.822827e-008,177.9931
75,1675.,5.910881e-008,177.9228
76,1684.,6.003681e-008,177.848
77,1693.,6.101634e-008,177.7683
78,1702.,6.205198e-008,177.6831
79,1711.,6.314883e-008,177.5919
80,1720.,6.431267e-008,177.4942
81,1729.,6.555e-008,177.3891
82,1738.,6.686821e-008,177.2759
83,1747.,6.827573e-008,177.1537
84,1756.,6.978221e-008,177.0214
85,1765.,7.139871e-008,176.8778
86,1774.,7.313804e-008,176.7215
87,1783.,7.501507e-008,176.5509
88,1792.,7.704718e-008,176.364
89,1801.,7.925477e-008,176.1586
90,1810.,8.166201e-008,175.9318
91,1819.,8.429769e-008,175.6805
92,1828.,8.719639e-008,175.4008
93,1837.,9.040002e-008,175.0878
94,1846.,9.395982e-008,174.7357
95,1855.,9.79391e-008,174.337
96,1864.,1.024169e-007,173.8827
97,1873.,1.074934e-007,173.361
98,1882.,1.132969e-007,172.7567
99,1891.,1.199946e-007,172.0499
100,1900.,1.278081e-007,171.2137
101,1909.,1.370366e-007,170.2116
102,1918.,1.48093e-007,168.9923
103,1927.,1.615604e-007,167.4818
104,1936.,1.78283e-007,165.5694
105,1945.,1.995152e-007,163.0842
106,1954.,2.271584e-007,159.7496
107,1963.,2.641026e-007,155.0972
108,1972.,3.144623e-007,148.301
109,1981.,3.822054e-007,137.8985
110,1990.,4.613364e-007,121.6757
111,1999.,5.087629e-007,98.58065
112,2008.,4.67967e-007,73.7661
113,2017.,3.759394e-007,54.67904
114,2026.,2.92225e-007,42.25213
115,2035.,2.303185e-007,34.27382
116,2044.,1.858351e-007,28.95004
117,2053.,1.532542e-007,25.23737
118,2062.,1.286906e-007,22.55036
119,2071.,1.096413e-007,20.55006
120,2080.,9.449519e-008,19.03139
121,2089.,8.219152e-008,17.86497
122,2098.,7.201202e-008,16.96625
123,2107.,6.345669e-008,16.2785
124,2116.,5.616848e-008,15.76302
125,2125.,4.98864e-008,15.39335
126,2134.,4.441572e-008,15.1517
127,2143.,3.960847e-008,15.02687
128,2152.,3.535035e-008,15.01291
129,2161.,3.155177e-008,15.10853
130,2170.,2.814166e-008,15.31688
131,2179.,2.506293e-008,15.64589
132,2188.,2.226936e-008,16.10895
133,2197.,1.97232e-008,16.72645
134,2206.,1.739349e-008,17.52801
135,2215.,1.52548e-008,18.55633
136,2224.,1.328636e-008,19.8733
137,2233.,1.147157e-008,21.57023
138,2242.,9.797778e-009,23.78526
139,2251.,8.256729e-009,26.73416
140,2260.,6.845772e-009,30.76617
141,2269.,5.570909e-009,36.46509
142,2278.,4.453458e-009,44.81605
143,2287.,3.543271e-009,57.3528
144,2296.,2.934917e-009,75.5894
145,2305.,2.742477e-009,98.17507
146,2314.,2.977785e-009,119.2494
147,2323.,3.508134e-009,134.7396
148,2332.,4.189218e-009,145.1343
149,2341.,4.934419e-009,152.1398
150,2350.,5.700413e-009,157.0311
151,2359.,6.466088e-009,160.5818
152,2368.,7.221049e-009,163.2504
153,2377.,7.960207e-009,165.3158
154,2386.,8.681218e-009,166.9538
155,2395.,9.383208e-009,168.2795
156,2404.,1.006612e-008,169.3709
157,2413.,1.073034e-008,170.2827
158,2422.,1.137652e-008,171.0537
159,2431.,1.200545e-008,171.7128
160,2440.,1.261796e-008,172.2815
161,2449.,1.321493e-008,172.7761
162,2458.,1.379722e-008,173.2094
163,2467.,1.436566e-008,173.5914
164,2476.,1.492109e-008,173.93
165,2485.,1.546428e-008,174.2318
166,2494.,1.599598e-008,174.5019
167,2503.,1.651691e-008,174.7447
168,2512.,1.702774e-008,174.9637
169,2521.,1.752911e-008,175.1619
170,2530.,1.802164e-008,175.3418
171,2539.,1.850591e-008,175.5056
172,2548.,1.898246e-008,175.655
173,2557.,1.945183e-008,175.7917
174,2566.,1.99145e-008,175.9169
175,2575.,2.037095e-008,176.0318
176,2584.,2.082163e-008,176.1374
177,2593.,2.126697e-008,176.2347
178,2602.,2.170739e-008,176.3243
179,2611.,2.214326e-008,176.407
180,2620.,2.257497e-008,176.4834
181,2629.,2.300288e-008,176.554
182,2638.,2.342734e-008,176.6193
183,2647.,2.384867e-008,176.6796
184,2656.,2.42672e-008,176.7355
185,2665.,2.468324e-008,176.7871
186,2674.,2.509708e-008,176.8349
187,2683.,2.550902e-008,176.8791
188,2692.,2.591935e-008,176.92
189,2701.,2.632832e-008,176.9577
190,2710.,2.673621e-008,176.9925
191,2719.,2.714329e-008,177.0245
192,2728.,2.75498e-008,177.054
193,2737.,2.795599e-008,177.081
194,2746.,2.836211e-008,177.1058
195,2755.,2.87684e-008,177.1284
196,2764.,2.917509e-008,177.1489
197,2773.,2.958242e-008,177.1675
198,2782.,2.999063e-008,177.1843
199,2791.,3.039994e-008,177.1993
200,2800.,3.081058e-008,177.2127
201,2809.,3.122277e-008,177.2244
202,2818.,3.163675e-008,177.2346
203,2827.,3.205274e-008,177.2433
204,2836.,3.247096e-008,177.2506
205,2845.,3.289164e-008,177.2566
206,2854.,3.331502e-008,177.2612
207,2863.,3.374131e-008,177.2646
208,2872.,3.417076e-008,177.2667
209,2881.,3.460359e-008,177.2676
210,2890.,3.504005e-008,177.2674
211,2899.,3.548036e-008,177.266
212,2908.,3.592478e-008,177.2635
213,2917.,3.637354e-008,177.2599
214,2926.,3.682691e-008,177.2552
215,2935.,3.728513e-008,177.2495
216,2944.,3.774847e-008,177.2428
217,2953.,3.821721e-008,177.235
218,2962.,3.86916e-008,177.2262
219,2971.,3.917193e-008,177.2164
220,2980.,3.96585e-008,177.2057
221,2989.,4.015159e-008,177.1939
222,2998.,4.065151e-008,177.1811
223,3007.,4.115858e-008,177.1674
224,3016.,4.167311e-008,177.1527
225,3025.,4.219546e-008,177.137
226,3034.,4.272595e-008,177.1203
227,3043.,4.326495e-008,177.1026
228,3052.,4.381284e-008,177.0839
229,3061.,4.436999e-008,177.0642
230,3070.,4.49368e-008,177.0435
231,3079.,4.55137e-008,177.0217
232,3088.,4.61011e-008,176.9989
233,3097.,4.669947e-008,176.9751
234,3106.,4.730927e-008,176.9501
235,3115.,4.793099e-008,176.9241
236,3124.,4.856515e-008,176.8969
237,3133.,4.921226e-008,176.8686
238,3142.,4.98729e-008,176.8391
239,3151.,5.054765e-008,176.8084
240,3160.,5.123712e-008,176.7765
241,3169.,5.194195e-008,176.7433
242,3178.,5.266281e-008,176.7088
243,3187.,5.340042e-008,176.673
244,3196.,5.415551e-008,176.6357
245,3205.,5.492888e-008,176.5971
246,3214.,5.572135e-008,176.557
247,3223.,5.653379e-008,176.5154
248,3232.,5.736712e-008,176.4722
249,3241.,5.82223e-008,176.4274
250,3250.,5.910038e-008,176.3809
251,3259.,6.000242e-008,176.3327
252,3268.,6.092959e-008,176.2826
253,3277.,6.18831e-008,176.2307
254,3286.,6.286426e-008,176.1767
255,3295.,6.387443e-008,176.1207
256,3304.,6.491509e-008,176.0625
257,3313.,6.598779e-008,176.0021
258,3322.,6.709419e-008,175.9393
259,3331.,6.823606e-008,175.8741
260,3340.,6.941532e-008,175.8063
261,3349.,7.063398e-008,175.7357
262,3358.,7.189422e-008,175.6623
263,3367.,7.319836e-008,175.5859
264,3376.,7.454891e-008,175.5063
265,3385.,7.594856e-008,175.4234
266,3394.,7.74002e-008,175.337
267,3403.,7.890696e-008,175.2468
268,3412.,8.04722e-008,175.1527
269,3421.,8.209958e-008,175.0543
270,3430.,8.379305e-008,174.9516
271,3439.,8.555688e-008,174.8441
272,3448.,8.739573e-008,174.7316
273,3457.,8.931468e-008,174.6137
274,3466.,9.131926e-008,174.49
275,3475.,9.34155e-008,174.3603
276,3484.,9.561003e-008,174.224
277,3493.,9.791009e-008,174.0806
278,3502.,1.003237e-007,173.9296
279,3511.,1.028596e-007,173.7705
280,3520.,1.055275e-007,173.6026
281,3529.,1.083383e-007,173.4252
282,3538.,1.113038e-007,173.2374
283,3547.,1.144373e-007,173.0385
284,3556.,1.177538e-007,172.8273
285,3565.,1.212698e-007,172.6029
286,3574.,1.25004e-007,172.3638
287,3583.,1.289775e-007,172.1088
288,3592.,1.33214e-007,171.8361
289,3601.,1.377407e-007,171.544
290,3610.,1.425883e-007,171.2305
291,3619.,1.477922e-007,170.8929
292,3628.,1.533928e-007,170.5287
293,3637.,1.594369e-007,170.1346
294,3646.,1.659789e-007,169.7068
295,3655.,1.73082e-007,169.241
296,3664.,1.808207e-007,168.732
297,3673.,1.892825e-007,168.1737
298,3682.,1.985716e-007,167.5586
299,3691.,2.088121e-007,166.8781
300,3700.,2.201537e-007,166.1213
301,3709.,2.327774e-007,165.275
302,3718.,2.469041e-007,164.323
303,3727.,2.628054e-007,163.2449
304,3736.,2.808175e-007,162.0149
305,3745.,3.013589e-007,160.6002
306,3754.,3.24954e-007,158.958
307,3763.,3.522602e-007,157.0325
308,3772.,3.840997e-007,154.7495
309,3781.,4.214856e-007,152.009
310,3790.,4.656221e-007,148.6761
311,3799.,5.178185e-007,144.5678
312,3808.,5.79181e-007,139.4393
313,3817.,6.497887e-007,132.9789
314,3826.,7.268927e-007,124.8358
315,3835.,8.019691e-007,114.7364
316,3844.,8.586563e-007,102.7441
317,3853.,8.776334e-007,89.55975
318,3862.,8.506209e-007,76.46006
319,3871.,7.88368e-007,64.67618
320,3880.,7.106115e-007,54.82252
321,3889.,6.327605e-007,46.90325
322,3898.,5.623475e-007,40.62441
323,3907.,5.01528e-007,35.63614
324,3916.,4.499444e-007,31.63446
325,3925.,4.063809e-007,28.38288
326,3934.,3.694942e-007,25.70493
327,3943.,3.380775e-007,23.47051
328,3952.,3.111253e-007,21.58342
329,3961.,2.878263e-007,19.97199
330,3970.,2.675332e-007,18.58216
331,3979.,2.497305e-007,17.37263
332,3988.,2.340069e-007,16.31149
333,3997.,2.200321e-007,15.37371
334,4006.,2.075394e-007,14.53951
335,4015.,1.963114e-007,13.793
336,4024.,1.861702e-007,13.12135
337,4033.,1.769688e-007,12.51408
338,4042.,1.685847e-007,11.96254
339,4051.,1.609155e-007,11.45956
340,4060.,1.53875e-007,10.99912
341,4069.,1.473898e-007,10.57616
342,4078.,1.413975e-007,10.18637
343,4087.,1.358445e-007,9.826084
344,4096.,1.306847e-007,9.49215
345,4105.,1.25878e-007,9.181844
346,4114.,1.213896e-007,8.892805
347,4123.,1.171891e-007,8.622977
348,4132.,1.132498e-007,8.370557
349,4141.,1.095481e-007,8.133961
350,4150.,1.060631e-007,7.911791
351,4159.,1.027765e-007,7.70281
352,4168.,9.967173e-008,7.505919
353,4177.,9.673415e-008,7.320135
354,4186.,9.395058e-008,7.14458
355,4195.,9.130919e-008,6.978469
356,4204.,8.879933e-008,6.821093
357,4213.,8.641138e-008,6.671814
358,4222.,8.413663e-008,6.530053
359,4231.,8.196717e-008,6.395289
360,4240.,7.989582e-008,6.267044
361,4249.,7.791602e-008,6.144888
362,4258.,7.602178e-008,6.028424
363,4267.,7.420764e-008,5.917292
364,4276.,7.246856e-008,5.811161
365,4285.,7.079995e-008,5.709729
366,4294.,6.919754e-008,5.612716
367,4303.,6.765744e-008,5.519866
368,4312.,6.617602e-008,5.430943
369,4321.,6.474996e-008,5.345727
370,4330.,6.337616e-008,5.264017
371,4339.,6.205175e-008,5.185628
372,4348.,6.077408e-008,5.110383
373,4357.,5.954067e-008,5.038123
374,4366.,5.834921e-008,4.968698
375,4375.,5.719756e-008,4.901969
376,4384.,5.608372e-008,4.837805
377,4393.,5.500581e-008,4.776087
378,4402.,5.396209e-008,4.7167
379,4411.,5.29509e-008,4.659541
380,4420.,5.197072e-008,4.604508
381,4429.,5.10201e-008,4.551511
382,4438.,5.009769e-008,4.500463
383,4447.,4.920221e-008,4.451282
384,4456.,4.833246e-008,4.403893
385,4465.,4.748732e-008,4.358223
386,4474.,4.666572e-008,4.314207
387,4483.,4.586666e-008,4.271779
388,4492.,4.508919e-008,4.230879
389,4501.,4.433241e-008,4.19145
390,4510.,4.359547e-008,4.153436
391,4519.,4.287757e-008,4.11679
392,4528.,4.217795e-008,4.081465
393,4537.,4.149588e-008,4.047418
394,4546.,4.083069e-008,4.014608
395,4555.,4.018172e-008,3.982997
396,4564.,3.954836e-008,3.952546
397,4573.,3.893001e-008,3.923223
398,4582.,3.832613e-008,3.894991
399,4591.,3.773619e-008,3.867821
400,4600.,3.715967e-008,3.841683
401,4609.,3.659609e-008,3.816548
402,4618.,3.604501e-008,3.792389
403,4627.,3.550597e-008,3.769183
404,4636.,3.497855e-008,3.746906
405,4645.,3.446237e-008,3.725535
406,4654.,3.395704e-008,3.70505
407,4663.,3.346219e-008,3.68543
408,4672.,3.297746e-008,3.666658
409,4681.,3.250254e-008,3.648716
410,4690.,3.20371e-008,3.631587
411,4699.,3.158082e-008,3.615256
412,4708.,3.113343e-008,3.599709
413,4717.,3.069463e-008,3.584933
414,4726.,3.026415e-008,3.570914
415,4735.,2.984173e-008,3.557641
416,4744.,2.942713e-008,3.545104
417,4753.,2.902011e-008,3.533291
418,4762.,2.862043e-008,3.522195
419,4771.,2.822787e-008,3.511805
420,4780.,2.784223e-008,3.502115
421,4789.,2.746329e-008,3.493117
422,4798.,2.709086e-008,3.484806
423,4807.,2.672474e-008,3.477174
424,4816.,2.636476e-008,3.470217
425,4825.,2.601074e-008,3.463932
426,4834.,2.56625e-008,3.458313
427,4843.,2.531989e-008,3.453358
428,4852.,2.498274e-008,3.449064
429,4861.,2.46509e-008,3.445429
430,4870.,2.432423e-008,3.442452
431,4879.,2.400258e-008,3.440133
432,4888.,2.368582e-008,3.43847
433,4897.,2.33738e-008,3.437466
434,4906.,2.30664e-008,3.43712
435,4915.,2.27635e-008,3.437435
436,4924.,2.246498e-008,3.438413
437,4933.,2.217072e-008,3.440055
438,4942.,2.18806e-008,3.442368
439,4951.,2.159452e-008,3.445353
440,4960.,2.131237e-008,3.449017
441,4969.,2.103404e-008,3.453364
442,4978.,2.075945e-008,3.4584
443,4987.,2.048848e-008,3.464133
444,4996.,2.022105e-008,3.470569
445,5005.,1.995707e-008,3.477717
446,5014.,1.969644e-008,3.485584
447,5023.,1.943908e-008,3.494182
448,5032.,1.918492e-008,3.503519
449,5041.,1.893386e-008,3.513608
450,5050.,1.868582e-008,3.524458
451,5059.,1.844074e-008,3.536085
452,5068.,1.819854e-008,3.548499
453,5077.,1.795913e-008,3.561716
454,5086.,1.772246e-008,3.575752
455,5095.,1.748846e-008,3.590621
456,5104.,1.725706e-008,3.60634
457,5113.,1.702818e-008,3.622929
458,5122.,1.680178e-008,3.640406
459,5131.,1.657778e-008,3.658792
460,5140.,1.635613e-008,3.678106
461,5149.,1.613676e-008,3.698373
462,5158.,1.591962e-008,3.719616
463,5167.,1.570466e-008,3.741859
464,5176.,1.549182e-008,3.76513
465,5185.,1.528104e-008,3.789456
466,5194.,1.507227e-008,3.814867
467,5203.,1.486547e-008,3.841393
468,5212.,1.466058e-008,3.869068
469,5221.,1.445755e-008,3.897926
470,5230.,1.425633e-008,3.928002
471,5239.,1.405689e-008,3.959337
472,5248.,1.385916e-008,3.991969
473,5257.,1.366311e-008,4.025942
474,5266.,1.34687e-008,4.061301
475,5275.,1.327588e-008,4.098093
476,5284.,1.30846e-008,4.136368
477,5293.,1.289483e-008,4.176179
478,5302.,1.270653e-008,4.217582
479,5311.,1.251965e-008,4.260637
480,5320.,1.233416e-008,4.305405
481,5329.,1.215002e-008,4.351953
482,5338.,1.196719e-008,4.400351
483,5347.,1.178564e-008,4.450673
484,5356.,1.160532e-008,4.502997
485,5365.,1.14262e-008,4.557407
486,5374.,1.124825e-008,4.61399
487,5383.,1.107143e-008,4.672841
488,5392.,1.089571e-008,4.734059
489,5401.,1.072105e-008,4.79775
490,5410.,1.054743e-008,4.864026
491,5419.,1.03748e-008,4.933008
492,5428.,1.020314e-008,5.004821
493,5437.,1.003241e-008,5.079604
494,5446.,9.862589e-009,5.157501
495,5455.,9.69364e-009,5.238666
496,5464.,9.525532e-009,5.323268
497,5473.,9.358238e-009,5.411481
498,5482.,9.191727e-009,5.503498
499,5491.,9.025971e-009,5.59952
500,5500.,8.86094e-009,5.69977
501,5509.,8.696606e-009,5.80448
502,5518.,8.532942e-009,5.913906
503,5527.,8.36992e-009,6.028319
504,5536.,8.207512e-009,6.148016
505,5545.,8.045693e-009,6.273314
506,5554.,7.884437e-009,6.404557
507,5563.,7.723715e-009,6.54212
508,5572.,7.563504e-009,6.686407
509,5581.,7.403779e-009,6.837859
510,5590.,7.244514e-009,6.996955
511,5599.,7.085686e-009,7.164218
512,5608.,6.927271e-009,7.34022
513,5617.,6.769246e-009,7.525585
514,5626.,6.611588e-009,7.720999
515,5635.,6.454276e-009,7.927217
516,5644.,6.297289e-009,8.145066
517,5653.,6.140606e-009,8.375465
518,5662.,5.984208e-009,8.619426
519,5671.,5.828076e-009,8.878072
520,5680.,5.672195e-009,9.152653
521,5689.,5.516547e-009,9.44456
522,5698.,5.361119e-009,9.755351
523,5707.,5.205897e-009,10.08677
524,5716.,5.050873e-009,10.44078
525,5725.,4.896037e-009,10.8196
526,5734.,4.741385e-009,11.22573
527,5743.,4.586913e-009,11.66201
528,5752.,4.432626e-009,12.13171
529,5761.,4.27853e-009,12.63853
530,5770.,4.124636e-009,13.18675
531,5779.,3.970965e-009,13.7813
532,5788.,3.817544e-009,14.42792
533,5797.,3.66441e-009,15.13327
534,5806.,3.511614e-009,15.90517
535,5815.,3.35922e-009,16.75284
536,5824.,3.207311e-009,17.68717
537,5833.,3.055997e-009,18.72114
538,5842.,2.905413e-009,19.8703
539,5851.,2.755735e-009,21.15335
540,5860.,2.607185e-009,22.59297
541,5869.,2.460049e-009,24.21673
542,5878.,2.314694e-009,26.05832
543,5887.,2.17159e-009,28.15905
544,5896.,2.031352e-009,30.56955
545,5905.,1.894773e-009,33.35167
546,5914.,1.762893e-009,36.58021
547,5923.,1.637067e-009,40.34376
548,5932.,1.519058e-009,44.7431
549,5941.,1.411127e-009,49.88436
550,5950.,1.316101e-009,55.8628
551,5959.,1.237353e-009,62.73255
552,5968.,1.178594e-009,70.46237
553,5977.,1.1434e-009,78.89059
554,5986.,1.134496e-009,87.71046
555,5995.,1.153043e-009,96.51724
556,6004.,1.198334e-009,104.9095
557,6013.,1.268077e-009,112.5886
558,6022.,1.359076e-009,119.4015
559,6031.,1.467939e-009,125.3234
560,6040.,1.591547e-009,130.4121
561,6049.,1.727271e-009,134.7641
562,6058.,1.872999e-009,138.4856
563,6067.,2.027083e-009,141.6768
564,6076.,2.18826e-009,144.4254
565,6085.,2.355566e-009,146.8054
566,6094.,2.528271e-009,148.8779
567,6103.,2.705822e-009,150.693
568,6112.,2.887801e-009,152.2914
569,6121.,3.073896e-009,153.7064
570,6130.,3.263875e-009,154.9652
571,6139.,3.45757e-009,156.0903
572,6148.,3.654863e-009,157.1001
573,6157.,3.855674e-009,158.01
574,6166.,4.059959e-009,158.8328
575,6175.,4.267697e-009,159.5793
576,6184.,4.478892e-009,160.2586
577,6193.,4.693568e-009,160.8783
578,6202.,4.911761e-009,161.4452
579,6211.,5.133525e-009,161.9648
580,6220.,5.358927e-009,162.442
581,6229.,5.588043e-009,162.881
582,6238.,5.820962e-009,163.2854
583,6247.,6.057782e-009,163.6586
584,6256.,6.298612e-009,164.0032
585,6265.,6.54357e-009,164.3217
586,6274.,6.792781e-009,164.6163
587,6283.,7.046382e-009,164.8889
588,6292.,7.304518e-009,165.1411
589,6301.,7.567343e-009,165.3745
590,6310.,7.835021e-009,165.5905
591,6319.,8.107725e-009,165.7901
592,6328.,8.385637e-009,165.9746
593,6337.,8.668952e-009,166.1448
594,6346.,8.957874e-009,166.3015
595,6355.,9.252617e-009,166.4456
596,6364.,9.55341e-009,166.5778
597,6373.,9.860493e-009,166.6986
598,6382.,1.017412e-008,166.8086
599,6391.,1.049455e-008,166.9083
600,6400.,1.082208e-008,166.9982
601,6409.,1.115699e-008,167.0786
602,6418.,1.14996e-008,167.1499
603,6427.,1.185025e-008,167.2124
604,6436.,1.220927e-008,167.2663
605,6445.,1.257706e-008,167.312
606,6454.,1.295398e-008,167.3496
607,6463.,1.334047e-008,167.3793
608,6472.,1.373695e-008,167.4012
609,6481.,1.41439e-008,167.4155
610,6490.,1.456181e-008,167.4223
611,6499.,1.49912e-008,167.4216
612,6508.,1.543264e-008,167.4134
613,6517.,1.588671e-008,167.3979
614,6526.,1.635405e-008,167.3749
615,6535.,1.683534e-008,167.3445
616,6544.,1.733128e-008,167.3066
617,6553.,1.784265e-008,167.2611
618,6562.,1.837027e-008,167.2079
619,6571.,1.891501e-008,167.147
620,6580.,1.947782e-008,167.078
621,6589.,2.00597e-008,167.001
622,6598.,2.066173e-008,166.9156
623,6607.,2.128508e-008,166.8216
624,6616.,2.1931e-008,166.7187
625,6625.,2.260083e-008,166.6067
626,6634.,2.329604e-008,166.4851
627,6643.,2.401819e-008,166.3536
628,6652.,2.476899e-008,166.2118
629,6661.,2.555028e-008,166.0592
630,6670.,2.636405e-008,165.8952
631,6679.,2.72125e-008,165.7193
632,6688.,2.809797e-008,165.5309
633,6697.,2.902306e-008,165.3291
634,6706.,2.999059e-008,165.1132
635,6715.,3.100363e-008,164.8824
636,6724.,3.206559e-008,164.6356
637,6733.,3.318016e-008,164.3717
638,6742.,3.435144e-008,164.0896
639,6751.,3.558395e-008,163.7879
640,6760.,3.688265e-008,163.4651
641,6769.,3.825308e-008,163.1196
642,6778.,3.970134e-008,162.7494
643,6787.,4.123426e-008,162.3524
644,6796.,4.28594e-008,161.9264
645,6805.,4.458526e-008,161.4686
646,6814.,4.642132e-008,160.9761
647,6823.,4.837823e-008,160.4453
648,6832.,5.046795e-008,159.8725
649,6841.,5.270398e-008,159.2531
650,6850.,5.510157e-008,158.5822
651,6859.,5.767796e-008,157.8538
652,6868.,6.045267e-008,157.0614
653,6877.,6.344788e-008,156.1969
654,6886.,6.668872e-008,155.2516
655,6895.,7.020374e-008,154.2147
656,6904.,7.402525e-008,153.0739
657,6913.,7.818974e-008,151.8148
658,6922.,8.273814e-008,150.4204
659,6931.,8.771597e-008,148.8704
660,6940.,9.317296e-008,147.141
661,6949.,9.916212e-008,145.2043
662,6958.,1.057375e-007,143.0269
663,6967.,1.129499e-007,140.5701
664,6976.,1.208396e-007,137.789
665,6985.,1.294241e-007,134.6322
666,6994.,1.386788e-007,131.0437
667,7003.,1.485091e-007,126.9648
668,7012.,1.587138e-007,122.3405
669,7021.,1.68944e-007,117.1291
670,7030.,1.786733e-007,111.317
671,7039.,1.872058e-007,104.9366
672,7048.,1.937561e-007,98.08203
673,7057.,1.976124e-007,90.91449
674,7066.,1.983399e-007,83.64733
675,7075.,1.959256e-007,76.51197
676,7084.,1.907766e-007,69.716
677,7093.,1.835751e-007,63.41131
678,7102.,1.750795e-007,57.68252
679,7111.,1.659661e-007,52.55417
680,7120.,1.567524e-007,48.00749
681,7129.,1.477881e-007,43.99799
682,7138.,1.392822e-007,40.46956
683,7147.,1.313411e-007,37.36367
684,7156.,1.240024e-007,34.62466
685,7165.,1.172619e-007,32.20223
686,7174.,1.110911e-007,30.05228
687,7183.,1.054498e-007,28.13685
688,7192.,1.00293e-007,26.42355
689,7201.,9.557537e-008,24.88494
690,7210.,9.125347e-008,23.49778
691,7219.,8.728716e-008,22.24242
692,7228.,8.363991e-008,21.10218
693,7237.,8.027888e-008,20.06292
694,7246.,7.717482e-008,19.11255
695,7255.,7.43017e-008,18.24076
696,7264.,7.163651e-008,17.43868
697,7273.,6.915885e-008,16.69867
698,7282.,6.685069e-008,16.01414
699,7291.,6.469602e-008,15.37935
700,7300.,6.26807e-008,14.7893
701,7309.,6.079211e-008,14.23962
702,7318.,5.901908e-008,13.72648
703,7327.,5.735161e-008,13.24649
704,7336.,5.578078e-008,12.79667
705,7345.,5.429862e-008,12.37437
706,7354.,5.289796e-008,11.97724
707,7363.,5.157238e-008,11.60319
708,7372.,5.031606e-008,11.25033
709,7381.,4.912378e-008,10.91699
710,7390.,4.799081e-008,10.60165
711,7399.,4.691284e-008,10.30294
712,7408.,4.5886e-008,10.01965
713,7417.,4.490673e-008,9.750641
714,7426.,4.39718e-008,9.494916
715,7435.,4.307827e-008,9.25155
716,7444.,4.222342e-008,9.019708
717,7453.,4.140479e-008,8.798621
718,7462.,4.062011e-008,8.587591
719,7471.,3.986729e-008,8.385975
720,7480.,3.91444e-008,8.193184
721,7489.,3.844968e-008,8.008679
722,7498.,3.778149e-008,7.831958
723,7507.,3.71383e-008,7.662564
724,7516.,3.651873e-008,7.500071
725,7525.,3.592146e-008,7.344084
726,7534.,3.534529e-008,7.194242
727,7543.,3.478911e-008,7.050205
728,7552.,3.425185e-008,6.91166
729,7561.,3.373255e-008,6.778315
730,7570.,3.32303e-008,6.649898
731,7579.,3.274425e-008,6.526157
732,7588.,3.22736e-008,6.406855
733,7597.,3.181761e-008,6.29177
734,7606.,3.137559e-008,6.180697
735,7615.,3.094688e-008,6.073441
736,7624.,3.053087e-008,5.969823
737,7633.,3.012697e-008,5.869671
738,7642.,2.973465e-008,5.772826
739,7651.,2.93534e-008,5.679139
740,7660.,2.898274e-008,5.588467
741,7669.,2.862221e-008,5.500679
742,7678.,2.827138e-008,5.415648
743,7687.,2.792985e-008,5.333258
744,7696.,2.759723e-008,5.253395
745,7705.,2.727317e-008,5.175956
746,7714.,2.695732e-008,5.100842
747,7723.,2.664936e-008,5.027957
748,7732.,2.634897e-008,4.957213
749,7741.,2.605587e-008,4.888526
750,7750.,2.576978e-008,4.821816
751,7759.,2.549043e-008,4.757007
752,7768.,2.521758e-008,4.694027
753,7777.,2.495098e-008,4.632808
754,7786.,2.469042e-008,4.573286
755,7795.,2.443566e-008,4.515398
756,7804.,2.418652e-008,4.459086
757,7813.,2.394278e-008,4.404295
758,7822.,2.370426e-008,4.350972
759,7831.,2.347079e-008,4.299066
760,7840.,2.32422e-008,4.248528
761,7849.,2.301831e-008,4.199314
762,7858.,2.279898e-008,4.151378
763,7867.,2.258405e-008,4.104681
764,7876.,2.237338e-008,4.059181
765,7885.,2.216684e-008,4.014841
766,7894.,2.196429e-008,3.971624
767,7903.,2.176561e-008,3.929496
768,7912.,2.157068e-008,3.888423
769,7921.,2.137937e-008,3.848375
770,7930.,2.119159e-008,3.80932
771,7939.,2.100723e-008,3.77123
772,7948.,2.082617e-008,3.734076
773,7957.,2.064833e-008,3.697832
774,7966.,2.04736e-008,3.662474
775,7975.,2.03019e-008,3.627976
776,7984.,2.013315e-008,3.594314
777,7993.,1.996725e-008,3.561468
778,8002.,1.980412e-008,3.529415
779,8011.,1.964369e-008,3.498135
780,8020.,1.948588e-008,3.467609
781,8029.,1.933061e-008,3.437817
782,8038.,1.917783e-008,3.408741
783,8047.,1.902746e-008,3.380364
784,8056.,1.887943e-008,3.35267
785,8065.,1.873368e-008,3.325643
786,8074.,1.859016e-008,3.299266
787,8083.,1.84488e-008,3.273528
788,8092.,1.830954e-008,3.248412
789,8101.,1.817234e-008,3.223905
790,8110.,1.803713e-008,3.199996
791,8119.,1.790386e-008,3.176671
792,8128.,1.77725e-008,3.153919
793,8137.,1.764298e-008,3.131729
794,8146.,1.751526e-008,3.110089
795,8155.,1.73893e-008,3.08899
796,8164.,1.726505e-008,3.068422
797,8173.,1.714247e-008,3.048377
798,8182.,1.702152e-008,3.028843
799,8191.,1.690216e-008,3.009814
800,8200.,1.678435e-008,2.991281
801,8209.,1.666805e-008,2.973237
802,8218.,1.655323e-008,2.955673
803,8227.,1.643984e-008,2.938585
804,8236.,1.632786e-008,2.921963
805,8245.,1.621725e-008,2.905804
806,8254.,1.610799e-008,2.890101
807,8263.,1.600002e-008,2.874848
808,8272.,1.589334e-008,2.86004
809,8281.,1.57879e-008,2.845673
810,8290.,1.568368e-008,2.831742
811,8299.,1.558064e-008,2.818242
812,8308.,1.547877e-008,2.805172
813,8317.,1.537803e-008,2.792525
814,8326.,1.52784e-008,2.7803
815,8335.,1.517985e-008,2.768493
816,8344.,1.508236e-008,2.757103
817,8353.,1.498589e-008,2.746126
818,8362.,1.489044e-008,2.735561
819,8371.,1.479597e-008,2.725407
820,8380.,1.470246e-008,2.715661
821,8389.,1.460989e-008,2.706323
822,8398.,1.451823e-008,2.697392
823,8407.,1.442747e-008,2.688868
824,8416.,1.433759e-008,2.680751
825,8425.,1.424856e-008,2.67304
826,8434.,1.416037e-008,2.665738
827,8443.,1.407299e-008,2.658843
828,8452.,1.39864e-008,2.652358
829,8461.,1.390059e-008,2.646284
830,8470.,1.381554e-008,2.640623
831,8479.,1.373123e-008,2.635377
832,8488.,1.364764e-008,2.630549
833,8497.,1.356475e-008,2.626141
834,8506.,1.348255e-008,2.622158
835,8515.,1.340102e-008,2.618602
836,8524.,1.332014e-008,2.615478
837,8533.,1.32399e-008,2.61279
838,8542.,1.316028e-008,2.610544
839,8551.,1.308126e-008,2.608744
840,8560.,1.300283e-008,2.607395
841,8569.,1.292498e-008,2.606505
842,8578.,1.284768e-008,2.60608
843,8587.,1.277092e-008,2.606128
844,8596.,1.269469e-008,2.606655
845,8605.,1.261897e-008,2.60767
846,8614.,1.254375e-008,2.609182
847,8623.,1.246901e-008,2.611199
848,8632.,1.239474e-008,2.613733
849,8641.,1.232093e-008,2.616793
850,8650.,1.224755e-008,2.620391
851,8659.,1.21746e-008,2.624538
852,8668.,1.210206e-008,2.629247
853,8677.,1.202992e-008,2.634532
854,8686.,1.195816e-008,2.640405
855,8695.,1.188677e-008,2.646883
856,8704.,1.181574e-008,2.653981
857,8713.,1.174504e-008,2.661715
858,8722.,1.167468e-008,2.670104
859,8731.,1.160463e-008,2.679165
860,8740.,1.153488e-008,2.688918
861,8749.,1.146542e-008,2.699385
862,8758.,1.139623e-008,2.710587
863,8767.,1.13273e-008,2.722547
864,8776.,1.125861e-008,2.735289
865,8785.,1.119016e-008,2.74884
866,8794.,1.112192e-008,2.763227
867,8803.,1.105388e-008,2.778478
868,8812.,1.098603e-008,2.794625
869,8821.,1.091836e-008,2.8117
870,8830.,1.085084e-008,2.829736
871,8839.,1.078347e-008,2.848769
872,8848.,1.071623e-008,2.868839
873,8857.,1.06491e-008,2.889986
874,8866.,1.058207e-008,2.912252
875,8875.,1.051513e-008,2.935683
876,8884.,1.044825e-008,2.960328
877,8893.,1.038142e-008,2.986236
878,8902.,1.031463e-008,3.013463
879,8911.,1.024786e-008,3.042066
880,8920.,1.018109e-008,3.072105
881,8929.,1.01143e-008,3.103647
882,8938.,1.004748e-008,3.13676
883,8947.,9.980613e-009,3.171517
884,8956.,9.913674e-009,3.207996
885,8965.,9.846647e-009,3.246282
886,8974.,9.779512e-009,3.286462
887,8983.,9.71225e-009,3.328632
888,8992.,9.64484e-009,3.372892
889,9001.,9.577261e-009,3.419351
890,9010.,9.509494e-009,3.468122
891,9019.,9.441513e-009,3.519332
892,9028.,9.373299e-009,3.573111
893,9037.,9.304827e-009,3.629602
894,9046.,9.236073e-009,3.688955
895,9055.,9.167013e-009,3.751335
896,9064.,9.09762e-009,3.816917
897,9073.,9.027868e-009,3.885889
898,9082.,8.957731e-009,3.958454
899,9091.,8.887179e-009,4.034831
900,9100.,8.816185e-009,4.115256
901,9109.,8.744717e-009,4.199984
902,9118.,8.672743e-009,4.289292
903,9127.,8.600234e-009,4.383475
904,9136.,8.527153e-009,4.48286
905,9145.,8.453469e-009,4.587795
906,9154.,8.379143e-009,4.698663
907,9163.,8.304139e-009,4.815878
908,9172.,8.22842e-009,4.93989
909,9181.,8.151945e-009,5.071194
910,9190.,8.074673e-009,5.210326
911,9199.,7.996562e-009,5.357875
912,9208.,7.917569e-009,5.514486
913,9217.,7.837647e-009,5.680865
914,9226.,7.756752e-009,5.85779
915,9235.,7.674835e-009,6.046117
916,9244.,7.591846e-009,6.246786
917,9253.,7.507738e-009,6.46084
918,9262.,7.422459e-009,6.68943
919,9271.,7.335957e-009,6.933833
920,9280.,7.248181e-009,7.195464
921,9289.,7.159079e-009,7.475899
922,9298.,7.068601e-009,7.776894
923,9307.,6.976695e-009,8.100408
924,9316.,6.883315e-009,8.448634
925,9325.,6.788414e-009,8.824029
926,9334.,6.691952e-009,9.229353
927,9343.,6.593893e-009,9.667713
928,9352.,6.494212e-009,10.14261
929,9361.,6.39289e-009,10.65801
930,9370.,6.289926e-009,11.21839
931,9379.,6.185334e-009,11.82883
932,9388.,6.079153e-009,12.4951
933,9397.,5.97145e-009,13.22376
934,9406.,5.862333e-009,14.02225
935,9415.,5.751952e-009,14.89905
936,9424.,5.640523e-009,15.86379
937,9433.,5.528335e-009,16.92741
938,9442.,5.415773e-009,18.10229
939,9451.,5.303344e-009,19.40236
940,9460.,5.191704e-009,20.84325
941,9469.,5.081697e-009,22.44224
942,9478.,4.974402e-009,24.21823
943,9487.,4.871185e-009,26.19135
944,9496.,4.773759e-009,28.38243
945,9505.,4.684257e-009,30.8119
946,9514.,4.605305e-009,33.49813
947,9523.,4.540087e-009,36.45502
948,9532.,4.492407e-009,39.68878
949,9541.,4.466703e-009,43.19396
950,9550.,4.468029e-009,46.94927
951,9559.,4.501957e-009,50.9139
952,9568.,4.574407e-009,55.0257
953,9577.,4.691418e-009,59.20232
954,9586.,4.85889e-009,63.3461
955,9595.,5.082347e-009,67.35206
956,9604.,5.366775e-009,71.11747
957,9613.,5.716558e-009,74.55053
958,9622.,6.135505e-009,77.5761
959,9631.,6.626905e-009,80.13795
960,9640.,7.193568e-009,82.19756
961,9649.,7.837763e-009,83.73109
962,9658.,8.561006e-009,84.72543
963,9667.,9.363643e-009,85.17477
964,9676.,1.024419e-008,85.07799
965,9685.,1.119843e-008,84.43751
966,9694.,1.221829e-008,83.25944
967,9703.,1.329056e-008,81.55517
968,9712.,1.43959e-008,79.34404
969,9721.,1.550814e-008,76.65669
970,9730.,1.659489e-008,73.53839
971,9739.,1.761938e-008,70.05119
972,9748.,1.854411e-008,66.27375
973,9757.,1.933553e-008,62.29805
974,9766.,1.996878e-008,58.22311
975,9775.,2.043107e-008,54.1466
976,9784.,2.072266e-008,50.15661
977,9793.,2.085533e-008,46.32527
978,9802.,2.084906e-008,42.7054
979,9811.,2.072813e-008,39.33041
980,9820.,2.051762e-008,36.21653
981,9829.,2.024093e-008,33.36627
982,9838.,1.991836e-008,30.77227
983,9847.,1.956656e-008,28.42067
984,9856.,1.919864e-008,26.29396
985,9865.,1.88245e-008,24.37297
986,9874.,1.845143e-008,22.63833
987,9883.,1.808454e-008,21.07131
988,9892.,1.772734e-008,19.65439
989,9901.,1.738209e-008,18.3715
990,9910.,1.705012e-008,17.20812
991,9919.,1.67321e-008,16.15121
992,9928.,1.642825e-008,15.18921
993,9937.,1.613843e-008,14.31184
994,9946.,1.586231e-008,13.51004
995,9955.,1.559939e-008,12.77582
996,9964.,1.53491e-008,12.1021
997,9973.,1.511082e-008,11.48268
998,9982.,1.48839e-008,10.91206
999,9991.,1.466771e-008,10.38539
1000,10000.,1.446161e-008,9.898368
